-0.7748047580775348 0.7533837184117831
-0.5063091133692211 1.3992197668241768
-1.0385840829245199 1.815860299301416
-1.273637681340607 2.0877676720764162
-1.4344443720141524 2.3009164055207747
-1.5613136423601197 2.4801131984313187
-1.6676978739692558 2.636643353759234
-1.7601190348802644 2.7767663364234174
-1.8423074679996774 2.904375929495564
-1.9166265493348877 3.02208550767314
-1.9846829404084922 3.131747011664308
-2.047626624289477 3.234727523082031
-2.106313594135289 3.3320688539779253
-2.161400848080596 3.424585440384397
-2.213405185511405 3.5129273850102667
-2.262741354634336 3.597622700922973
-2.3097477847280543 3.6791065697466103
-2.3547045192434175 3.757742180893734
-2.397846064708395 3.833835934625537
-2.43937081848054 3.9076487663062665
-2.4794481303391023 3.979404736358297
-2.518223687881841 4.049297651604718
-2.5558236891977084 4.1174962425315735
-2.592358121598921 4.184148263438245
-2.62792337034646 4.249383777085669
-2.6626043176709926 4.3133178135245895
-2.696476048805815 4.376052542754812
-2.7296052513283264 4.437679065470987
-2.762051372510162 4.49827890072
-2.793867583804078 4.5579252307644404
-2.8251015902069265 4.616683949767829
-2.8557963137994786 4.67461455269883
-2.885990474435965 4.731770893133581
-2.9157190857581177 4.7882018327459335
-2.9450138810331405 4.843951800738632
-2.97390368047273 4.899061277942675
-3.002414709472846 4.953567217549234
-3.03057087546969 5.0075034122567965
-3.0583940097248172 5.060900815880808
-3.085904079248602 5.1137878260833824
-3.1131193731842317 5.1661905337605605
-3.140056667257015 5.218132943716408
-3.1667313693101575 5.269637170512634
-3.193157648470713 5.320723612775213
-3.2193485500967687 5.371411108739129
-3.2453160983324265 5.4217170753980035
-3.2710713878277042 5.471657633280694
-3.2966246659557426 5.521247718588958
-3.3219854066714998 5.570501184188612
-3.347162376997827 5.6194308907430734
-3.3721636969912105 5.668048789106033
-3.396996893926272 5.716365994943896
-3.4216689513418634 5.764392856434224
-3.4461863535095176 5.812139015780052
-3.4705551258147205 5.859613465188791
-3.494780871481197 5.906824597886032
-3.5188688050164414 5.953780254666913
-3.542823782711905 6.00048776642921
-3.566650330492419 6.046953993081524
-3.59035266937573 6.093185359175819
-3.6139347387736955 6.139187886574989
-3.6374002178410723 6.184967224432499
-3.660752545055458 6.230528676731592
-3.6839949361923074 6.275877227605634
-3.707130400841685 6.32101756463829
-3.73016175759824 6.365954100322096
-3.7530916480424685 6.410690991836117
-3.77592254961947 6.455232159287597
-3.798656787510896 6.499581302548432
-3.8212965455864536 6.543741916804814
-3.8438438765130307 6.587717306927247
-3.8663007110920904 6.631510600758144
-3.8886688668893914 6.675124761405355
-3.9109500562151704 6.718562598621915
-3.933145893507618 6.761826779345192
-3.9552579021677423 6.804919837462096
-3.9772875208894174 6.84784418286124
-3.999236109524584 6.890602109827666
-4.021104954520087 6.933195804831016
-4.042895273959509 6.975627353753731
-4.064608222240511 7.017898748601987
-4.086244894415649 7.060011893738509
-4.107806330222273 7.101968611673251
-4.129293517825049 7.143770648444965
-4.15070739729267 7.185419678624051
-4.172048863828619 7.226917309964656
-4.1933187707742405 7.268265087731776
-4.214517932400911 7.3094644987270945
-4.235647126506786 7.350516975035444
-4.256707096832403 7.391423897512098
-4.277698555308282 7.432186599029534
-4.298622184146665 7.4728063675009055
-4.319478637788621 7.5132844486961385
-4.3402685447168565 7.553622048865397
-4.360992509143817 7.593820337183531
-4.381651112583945 7.633880448028132
-4.402244915318261 7.673803483102882
-4.422774457758889 7.713590513417009
-4.443240261720529 7.753242581130908
-4.463642831605394 7.792760701277202
-4.483982655507647 7.832145863365905
-4.504260206242938 7.871399032881675
-4.524475942308219 7.910521152680606
-4.544630308776677 7.949513144293453
-4.564723738132229 7.988375909141716
-4.584756651047756 8.02711032967253
-4.604729457110915 8.06571727041791
-4.6246425555011355 8.104197578983493
-4.644496335621096 8.142552086971575
-4.664291177685823 8.180781610842883
-4.684027453272249 8.218886952721245
-4.703705525831939 8.256868901144998
-4.723325751169472 8.294728231768731
-4.742888477888779 8.332465708018724
-4.762394047809621 8.370082081705153
-4.781842796356205 8.407578093594005
-4.8012350529198144 8.444954473941383
-4.820571141197195 8.482211942992718
-4.839851379506321 8.51935121144924
-4.859076081081057 8.556372980903891
-4.878245554346132 8.59327794424872
-4.897360103173729 8.630066786055664
-4.916420027122923 8.66674018293248
-4.935425621663117 8.70329880385549
-4.95437717838253 8.739743310480677
-4.973274985182742 8.776074357434569
-4.992119326460214 8.812292592586264
-5.010910483275666 8.848398657301836
-5.029648733512092 8.884393186682297
-5.048334352022203 8.920276809786216
-5.066967610765969 8.956050149837992
-5.085548778938935 8.991713824422762
-5.104078123091917 9.027268445668808
-5.122555907242663 9.062714620418301
-5.140982392979987 9.098052950387162
-5.159357839560909 9.133284032314759
-5.177682504001243 9.168408458104112
-5.1959566411600795 9.203426814953248
-5.2141805038185645 9.238339685478289
-5.232354342753359 9.273147647828816
-5.250478406805135 9.307851275796049
-5.268552942942433 9.342451138914289
-5.286578196321202 9.376947802556112
-5.304554410340301 9.411341828021689
-5.322481826693238 9.445633772622674
-5.340360685416405 9.479824189760981
-5.358191224934031 9.513913629002824
-5.37597368210009 9.54790263614833
-5.3937082922373625 9.581791753297017
-5.41139528917384 9.615581518909433
-5.429034905276667 9.6492724678652
-5.446627371483767 9.68286513151772
-5.46417291733334 9.716360037745766
-5.481671770991347 9.749757711002161
-5.499124159277139 9.783058672359779
-5.516530307687364 9.816263439555003
-5.533890440418246 9.84937252702886
-5.551204780386382 9.882386445965968
-5.568473549248137 9.915305704331455
-5.585696967417741 9.948130806905997
-5.6028752540841955 9.980862255319094
-5.620008627227047 10.013500548080728
-5.6370973036311325 10.046046180611496
-5.654141498900363 10.078499645271341
-5.671141427470606 10.110861431386974
-5.688097302621752 10.143132025278089
-5.7050093364890015 10.175311910282446
-5.721877740073458 10.207401566779923
-5.738702723252049 10.239401472215587
-5.755484494786852 10.271312101121879
-5.7722232623338545 10.30313392513997
-5.788919232451194 10.334867413040346
-5.805572610606931 10.366513030742684
-5.822183601186372 10.398071241335078
-5.838752407498993 10.42954250509265
-5.855279231784993 10.460927279495609
-5.871764275221503 10.492226019246793
-5.88820773792848 10.523439176288734
-5.90460981897432 10.554567199820285
-5.92097071638121 10.58561053631284
-5.93729062713023 10.616569629526198
-5.9535697471662505 10.647444920524066
-5.969808271402623 10.678236847689265
-5.986006393725693 10.708945846738642
-6.002164306999155 10.739572350737724
-6.018282203068253 10.770116790115123
-6.034360272763856 10.800579592676733
-6.0503987059064075 10.830961183619717
-6.066397691309776 10.861261985546316
-6.08235741678501 10.891482418477487
-6.098278069144007 10.921622899866398
-6.114159834203107 10.95168384461177
-6.130002896786634 10.981665665071114
-6.145807440730363 11.011568771073836
-6.161573648884957 11.04139356993425
-6.177301703119353 11.071140466464497
-6.192991784324116 11.100809862987381
-6.208644072414768 11.130402159349126
-6.224258746335093 11.15991775293207
-6.239835984060424 11.189357038667294
-6.255375962600915 11.218720409047204
-6.270878858004815 11.248008254138057
-6.286344845361725 11.277220961592443
-6.301774098805862 11.30635891666174
-6.3171667915193215 11.33542250220852
-6.332523095735348 11.36441209871893
-6.347843182741613 11.393328084315051
-6.363127222883502 11.422170834767226
-6.378375385567411 11.45094072350636
-6.393587839264061 11.47963812163622
-6.4087647515118285 11.508263397945703
-6.423906288920088 11.536816918921083
-6.439012617172582 11.565299048758265
-6.4540839010307955 11.593710149374997
-6.4691203043373635 11.622050580423105
-6.484121990019496 11.650320699300682
-6.499089120092422 11.67852086116429
-6.514021855662856 11.706651418941144
-6.528920356932489 11.734712723341282
-6.543784783201499 11.762705122869736
-6.558615292872086 11.790628963838687
-6.573412043452032 11.818484590379605
-6.588175191558273 11.846272344455393
-6.602904892920514 11.873992565872507
-6.617601302384841 11.901645592293079
-6.632264573917378 11.929231759247013
-6.646894860607949 11.956751400144086
-6.661492314673773 11.984204846286024
-6.676057087463174 12.01159242687858
-6.69058932945931 12.03891446904358
-6.705089190283932 12.066171297830962
-6.719556818701149 12.09336323623082
-6.733992362621226 12.120490605185395
-6.748395969104386 12.147553723601085
-6.762767784364646 12.17455290836041
-6.777107953773653 12.201488474333974
-6.791416621864553 12.228360734392414
-6.805693932335863 12.255169999418305
-6.819940028055372 12.281916578318068
-6.83415505106404 12.308600778033838
-6.848339142579923 12.335222903555325
-6.862492443002109 12.361783257931638
-6.876615091914666 12.388282142283089
-6.890707228090597 12.41471985581297
-6.904768989495816 12.441096695819313
-6.918800513293127 12.467412957706598
-6.932801935846214 12.49366893499746
-6.9467733927236415 12.519864919344348
-6.960715018702864 12.546001200541161
-6.9746269477742375 12.57207806653485
-6.98850931314505 12.598095803436985
-7.002362247243543 12.6240546955353
-7.016185881722949 12.649955025305184
-7.029980347465533 12.67579707342116
-7.0437457745866325 12.701581118768308
-7.057482292438709 12.727307438453664
-7.0711900296153924 12.752976307817576
-7.08486911395554 12.778588000445023
-7.098519672547286 12.804142788176895
-7.112141831732097 12.829640941121234
-7.12573571710883 12.855082727664431
-7.139301453537785 12.88046841448239
-7.152839165144761 12.905798266551638
-7.166348975325108 12.931072547160399
-7.1798310067477775 12.956291517919631
-7.193285381359372 12.981455438774002
-7.206712220388191 13.006564568012845
-7.22011164434827 13.031619162281041
-7.233483773043422 13.05661947658988
-7.246828725571265 13.081565764327864
-7.260146620327256 13.106458277271463
-7.273437575008709 13.131297265595824
-7.286701706618811 13.156082977885442
-7.299939131470635 13.180815661144765
-7.313149965191135 13.205495560808767
-7.326334322725149 13.230122920753464
-7.339492318339381 13.254697983306379
-7.35262406562638 13.279220989256958
-7.365729677508511 13.303692177866944
-7.3788092662419125 13.32811178688069
-7.391862943420453 13.35248005253542
-7.404890819979665 13.376797209571446
-7.417893006200681 13.401063491242336
-7.430869611714152 13.425279129325016
-7.443820745504155 13.449444354129831
-7.456746515912092 13.473559394510552
-7.469647030640576 13.497624477874329
-7.482522396757305 13.521639830191587
-7.4953727206989225 13.545605676005877
-7.508198108274868 13.569522238443666
-7.520998664671214 13.593389739224081
-7.533774494454486 13.61720839866859
-7.546525701575476 13.640978435710634
-7.559252389373035 13.664700067905212
-7.571954660577859 13.688373511438396
-7.584632617316252 13.711998981136807
-7.597286361113888 13.735576690477023
-7.609915992899538 13.759106851594948
-7.6225216130088045 13.782589675295114
-7.635103321187829 13.80602537105993
-7.647661216596981 13.829414147058882
-7.660195397814541 13.852756210157679
-7.672705962840364 13.87605176592733
-7.685193009099525 13.899301018653187
-7.6976566334459475 13.922504171343915
-7.710096932166027 13.945661425740422
-7.722514000982225 13.968772982324722
-7.7349079350566505 13.991839040328752
-7.747278828994628 14.014859797743132
-7.7596267768482505 14.03783545132586
-7.771951872119907 14.060766196610977
-7.784254207765803 14.083652227917153
-7.796533876199455 14.106493738356225
-7.808790969295181 14.12929091984169
-7.821025578391556 14.152043963097139
-7.833237794294863 14.174753057664624
-7.8454277072825285 14.197418391912995
-7.857595407106529 14.220040153046162
-7.869740982996788 14.24261852711131
-7.8818645236645555 14.265153699007065
-7.893966117305768 14.287645852491606
-7.9060458516043886 14.31009517019071
-7.918103813735737 14.332501833605765
-7.9301400903697905 14.35486602312171
-7.942154767674477 14.377187918014934
-7.954147931318947 14.399467696461123
-7.966119666476823 14.42170553554304
-7.97807005782944 14.443901611258273
-7.989999189569058 14.466056098526911
-8.001907145402066 14.488169171199186
-8.013794008552162 14.510241002063044
-8.025659861763515 14.532271762851682
-8.037504787303911 14.554261624251025
-8.049328866967883 14.576210755907145
-8.061132182079817 14.598119326433642
-8.072914813497043 14.619987503418965
-8.084676841612913 14.64181545343369
-8.096418346359851 14.663603342037733
-8.108139407212393 14.685351333787532
-8.119840103190207 14.70705959224316
-8.131520512861087 14.728728279975407
-8.143180714343947 14.750357558572787
-8.15482078531178 14.771947588648528
-8.1664408029946 14.793498529847483
-8.178040844182387 14.815010540853008
-8.18962098522798 14.83648377939379
-8.201181302049982 14.857918402250622
-8.212721870135633 14.87931456526313
-8.224242764543666 14.900672423336456
-8.23574405990715 14.921992130447892
-8.24722583043631 14.94327383965346
-8.258688149921333 14.964517703094455
-8.270131091735154 14.985723872003934
-8.281554728836225 15.006892496713162
-8.292959133771268 15.028023726658002
-8.304344378678012 15.049117710385278
-8.315710535287906 15.07017459555907
-8.327057674928819 15.091194528966977
-8.33838586852772 15.112177656526331
-8.349695186613351 15.133124123290365
-8.360985699318867 15.154034073454337
-8.372257476384469 15.174907650361607
-8.38351058716002 15.19574499650967
-8.394745100607635 15.216546253556153
-8.405961085304266 15.237311562324749
-8.417158609444266 15.25804106281113
-8.428337740841927 15.2787348941888
-8.439498546934015 15.299393194814911
-8.450641094782279 15.320016102236037
-8.46176545107595 15.340603753193903
-8.472871682134217 15.361156283631072
-8.483959853908688 15.381673828696591
-8.495030031985843 15.402156522751596
-8.506082281589455 15.422604499374868
-8.517116667583007 15.443017891368363
-8.52813325447209 15.463396830762681
-8.539132106406782 15.48374144882251
-8.550113287184015 15.504051876052028
-8.561076860249923 15.524328242200252
-8.57202288870217 15.544570676266359
-8.582951435292278 15.564779306504969
-8.593862562427917 15.584954260431376
-8.6047563321752 15.605095664826754
-8.615632806260944 15.62520364574331
-8.626492046074931 15.645278328509413
-8.637334112672148 15.66531983773467
-8.648159066775005 15.685328297314976
-8.658966968775546 15.705303830437522
-8.669757878737645 15.725246559585758
-8.680531856399181 15.745156606544327
-8.6912889611742 15.765034092403969
-8.702029252155066 15.784879137566364
-8.712752788114592 15.80469186174896
-8.723459627508165 15.824472383989765
-8.734149828475836 15.844220822652082
-8.744823448844425 15.863937295429233
-8.755480546129583 15.88362191934923
-8.76612117753786 15.903274810779417
-8.776745399968744 15.922896085431082
